0 0 100 28.40 1417300351731 1417300274105 1417300274123 1417300351763 0.10000E+01
1 50 50 28.30 1417300364706 1417300287078 1417300287096 1417300364738 0.10000E+01
2 50 50 28.30 1417300365723 1417300288099 1417300288117 1417300365770 0.20000E+01
3 50 50 28.40 1417300366723 1417300289100 1417300289117 1417300366755 0.30000E+01
4 50 50 28.60 1417300367716 1417300290098 1417300290116 1417300367974 0.40000E+01
5 50 50 28.60 1417300368724 1417300291099 1417300291117 1417300368756 0.50000E+01
6 50 50 28.70 1417300369724 1417300292098 1417300292116 1417300369755 0.60000E+01
7 50 50 28.70 1417300370725 1417300293102 1417300293119 1417300370756 0.70000E+01
8 50 50 29.00 1417300371736 1417300294110 1417300294129 1417300371767 0.80000E+01
9 50 50 28.90 1417300372716 1417300295088 1417300295106 1417300372747 0.90000E+01
10 50 50 29.10 1417300373729 1417300296102 1417300296120 1417300373760 0.10000E+02
11 50 50 29.30 1417300374718 1417300297098 1417300297115 1417300374765 0.11000E+02
12 50 50 29.50 1417300375734 1417300298108 1417300298125 1417300375765 0.12000E+02
13 50 50 29.70 1417300376719 1417300299093 1417300299110 1417300376750 0.13000E+02
14 50 50 30.00 1417300377725 1417300300100 1417300300118 1417300377756 0.14000E+02
15 50 50 30.20 1417300378725 1417300301098 1417300301116 1417300378756 0.15000E+02
16 50 50 30.20 1417300379725 1417300302100 1417300302117 1417300379756 0.16000E+02
17 50 50 30.40 1417300380709 1417300303082 1417300303100 1417300380741 0.17000E+02
18 50 50 30.70 1417300381725 1417300304101 1417300304118 1417300381756 0.18000E+02
19 50 50 30.90 1417300382725 1417300305100 1417300305118 1417300382756 0.19000E+02
20 50 50 31.00 1417300383716 1417300306087 1417300306104 1417300383747 0.20000E+02
21 50 50 31.40 1417300384731 1417300307105 1417300307123 1417300384763 0.21000E+02
22 50 50 31.50 1417300385731 1417300308106 1417300308123 1417300385763 0.22000E+02
23 50 50 31.50 1417300386716 1417300309088 1417300309105 1417300386747 0.23000E+02
24 50 50 32.00 1417300387716 1417300311121 1417300311139 1417300388778 0.24000E+02
26 50 50 32.20 1417300389722 1417300312097 1417300312115 1417300389769 0.26000E+02
27 50 50 32.30 1417300390722 1417300313097 1417300313114 1417300390753 0.27000E+02
28 50 50 32.50 1417300391722 1417300314094 1417300314110 1417300391753 0.28000E+02
29 50 50 32.50 1417300392722 1417300315097 1417300315115 1417300392753 0.29000E+02
30 50 50 32.70 1417300393715 1417300316089 1417300316106 1417300393747 0.30000E+02
31 50 50 33.00 1417300394722 1417300317097 1417300317115 1417300394769 0.31000E+02
32 50 50 33.00 1417300395722 1417300318099 1417300318117 1417300395769 0.32000E+02
33 50 50 33.10 1417300396727 1417300319101 1417300319118 1417300396758 0.33000E+02
34 50 50 33.20 1417300397727 1417300320103 1417300320121 1417300397758 0.34000E+02
35 50 50 33.20 1417300398711 1417300321086 1417300321104 1417300398743 0.35000E+02
36 50 50 33.30 1417300399718 1417300322092 1417300322110 1417300399749 0.36000E+02
37 50 50 33.40 1417300400718 1417300323090 1417300323108 1417300400749 0.37000E+02
38 50 50 33.80 1417300401718 1417300324097 1417300324116 1417300401765 0.38000E+02
39 50 50 33.90 1417300402718 1417300325093 1417300325110 1417300402749 0.39000E+02
40 50 50 33.90 1417300403718 1417300326093 1417300326109 1417300403749 0.40000E+02
41 50 50 34.00 1417300404718 1417300327097 1417300327115 1417300404758 0.41000E+02
42 50 50 34.10 1417300405717 1417300328090 1417300328107 1417300405748 0.42000E+02
43 50 50 34.30 1417300406733 1417300329107 1417300329125 1417300406764 0.43000E+02
44 50 50 34.30 1417300407732 1417300330106 1417300330124 1417300407763 0.44000E+02
45 50 50 34.40 1417300408732 1417300331106 1417300331123 1417300408764 0.45000E+02
46 50 50 34.50 1417300409717 1417300332093 1417300332109 1417300409748 0.46000E+02
47 50 50 34.40 1417300410717 1417300333092 1417300333110 1417300410748 0.47000E+02
48 50 50 34.70 1417300411723 1417300334099 1417300334117 1417300411973 0.48000E+02
49 50 50 34.70 1417300412723 1417300335099 1417300335116 1417300412755 0.49000E+02
50 50 50 34.70 1417300413724 1417300337716 1417300337733 1417300415380 0.50000E+02
52 50 50 34.80 1417300415724 1417300338100 1417300338118 1417300415755 0.52000E+02
53 50 50 35.10 1417300416724 1417300339099 1417300339117 1417300416755 0.53000E+02
54 50 50 35.10 1417300417730 1417300340106 1417300340124 1417300417761 0.54000E+02
55 50 50 35.10 1417300418727 1417300341101 1417300341119 1417300418758 0.55000E+02
56 50 50 35.20 1417300419727 1417300342102 1417300342118 1417300419759 0.56000E+02
57 50 50 35.20 1417300420712 1417300343087 1417300343105 1417300420743 0.57000E+02
58 50 50 35.20 1417300421727 1417300344102 1417300344119 1417300421759 0.58000E+02
59 50 50 35.10 1417300422729 1417300345106 1417300345124 1417300422761 0.59000E+02
60 50 50 35.20 1417300423733 1417300346110 1417300346128 1417300423764 0.60000E+02
61 50 50 35.20 1417300424717 1417300347093 1417300347110 1417300424749 0.61000E+02
62 50 50 35.30 1417300425717 1417300348094 1417300348112 1417300425749 0.62000E+02
63 50 50 35.20 1417300426718 1417300349094 1417300349112 1417300426749 0.63000E+02
64 50 50 35.20 1417300427733 1417300350108 1417300350125 1417300427764 0.64000E+02
65 50 50 35.50 1417300428708 1417300351083 1417300351101 1417300428740 0.65000E+02
66 50 50 35.50 1417300429724 1417300352101 1417300352119 1417300429755 0.66000E+02
67 50 50 35.40 1417300430724 1417300353101 1417300353119 1417300430755 0.67000E+02
68 50 50 35.40 1417300431724 1417300354101 1417300354118 1417300431755 0.68000E+02
69 50 50 35.50 1417300432724 1417300355101 1417300355119 1417300432756 0.69000E+02
70 50 50 35.50 1417300433728 1417300356108 1417300356125 1417300433775 0.70000E+02
71 50 50 35.70 1417300434719 1417300357101 1417300357117 1417300434766 0.71000E+02
72 50 50 35.70 1417300435719 1417300358098 1417300358114 1417300435750 0.72000E+02
73 50 50 35.70 1417300436719 1417300359094 1417300359111 1417300436750 0.73000E+02
74 50 50 35.70 1417300437719 1417300360097 1417300360115 1417300437750 0.74000E+02
75 50 50 35.80 1417300438716 1417300361093 1417300361111 1417300438748 0.75000E+02
76 50 50 36.00 1417300439723 1417300362100 1417300362118 1417300439754 0.76000E+02
77 50 50 35.80 1417300440723 1417300363099 1417300363117 1417300440754 0.77000E+02
78 50 50 35.80 1417300441723 1417300364100 1417300364117 1417300441770 0.78000E+02
79 50 50 35.90 1417300442723 1417300365099 1417300365117 1417300442755 0.79000E+02
80 50 50 35.80 1417300443723 1417300366100 1417300366117 1417300443755 0.80000E+02
81 50 50 35.90 1417300444725 1417300367104 1417300367122 1417300444756 0.81000E+02
82 50 50 35.90 1417300445732 1417300368107 1417300368124 1417300445763 0.82000E+02
83 50 50 35.90 1417300446717 1417300369094 1417300369112 1417300446749 0.83000E+02
84 50 50 36.00 1417300447716 1417300370093 1417300370110 1417300447748 0.84000E+02
85 50 50 35.90 1417300448716 1417300371094 1417300371111 1417300448748 0.85000E+02
86 50 50 35.90 1417300449716 1417300372090 1417300372106 1417300449748 0.86000E+02
87 50 50 35.90 1417300450732 1417300373108 1417300373125 1417300450763 0.87000E+02
88 50 50 35.90 1417300451723 1417300374099 1417300374118 1417300451754 0.88000E+02
89 50 50 36.10 1417300452723 1417300375100 1417300375117 1417300452754 0.89000E+02
90 50 50 36.00 1417300453724 1417300376101 1417300376119 1417300453764 0.90000E+02
91 50 50 36.00 1417300454717 1417300377094 1417300377112 1417300454748 0.91000E+02
92 50 50 36.40 1417300455733 1417300378108 1417300378125 1417300455764 0.92000E+02
93 50 50 36.10 1417300456723 1417300380724 1417300380742 1417300458379 0.93000E+02
95 50 50 36.00 1417300458723 1417300381101 1417300381118 1417300458754 0.95000E+02
96 50 50 36.00 1417300459723 1417300382101 1417300382118 1417300459755 0.96000E+02
97 50 50 36.10 1417300460723 1417300383101 1417300383119 1417300460755 0.97000E+02
98 50 50 36.10 1417300461724 1417300384102 1417300384120 1417300461755 0.98000E+02
99 50 50 36.10 1417300462715 1417300385093 1417300385111 1417300462762 0.99000E+02
100 50 50 36.10 1417300463715 1417300386090 1417300386108 1417300463746 0.10000E+03
101 50 50 36.10 1417300464715 1417300387093 1417300387111 1417300464747 0.10100E+03
102 50 50 36.10 1417300465731 1417300388107 1417300388125 1417300465762 0.10200E+03
103 50 50 36.10 1417300466716 1417300389093 1417300389110 1417300466747 0.10300E+03
104 50 50 36.20 1417300467716 1417300390093 1417300390111 1417300467747 0.10400E+03
105 50 50 36.10 1417300468738 1417300391114 1417300391132 1417300468769 0.10500E+03
106 50 50 36.10 1417300469722 1417300392100 1417300392117 1417300469753 0.10600E+03
107 50 50 36.10 1417300470722 1417300393100 1417300393117 1417300470753 0.10700E+03
108 50 50 36.20 1417300471712 1417300394088 1417300394105 1417300471743 0.10800E+03
109 50 50 36.10 1417300472712 1417300395087 1417300395105 1417300472743 0.10900E+03
110 50 50 36.20 1417300473718 1417300396098 1417300396116 1417300473765 0.11000E+03
111 50 50 36.10 1417300474732 1417300397108 1417300397125 1417300474763 0.11100E+03
112 50 50 36.20 1417300475734 1417300398110 1417300398128 1417300475765 0.11200E+03
113 50 50 36.10 1417300476719 1417300399098 1417300399115 1417300476750 0.11300E+03
114 50 50 36.40 1417300477734 1417300400110 1417300400126 1417300477766 0.11400E+03
115 50 50 36.10 1417300478734 1417300401110 1417300401127 1417300478766 0.11500E+03
116 50 50 36.40 1417300479726 1417300402101 1417300402118 1417300479757 0.11600E+03
117 50 50 36.20 1417300480726 1417300403102 1417300403120 1417300480757 0.11700E+03
118 50 50 36.10 1417300481710 1417300404086 1417300404104 1417300481741 0.11800E+03
119 50 50 36.10 1417300482728 1417300405106 1417300405125 1417300482759 0.11900E+03
120 50 50 36.40 1417300483728 1417300406106 1417300406124 1417300483759 0.12000E+03
121 50 50 36.40 1417300484724 1417300407102 1417300407119 1417300484755 0.12100E+03
122 50 50 36.40 1417300485718 1417300408094 1417300408112 1417300485749 0.12200E+03
123 50 50 36.40 1417300486718 1417300410098 1417300410116 1417300487750 0.12300E+03
125 50 50 36.20 1417300488718 1417300411094 1417300411112 1417300488750 0.12500E+03
126 50 50 36.20 1417300489709 1417300412086 1417300412102 1417300489741 0.12600E+03
127 50 50 36.50 1417300490725 1417300413101 1417300413119 1417300490756 0.12700E+03
128 50 50 36.40 1417300491726 1417300414105 1417300414122 1417300491757 0.12800E+03
129 50 50 36.20 1417300492726 1417300415102 1417300415120 1417300492757 0.12900E+03
130 50 50 36.40 1417300493726 1417300416102 1417300416119 1417300493757 0.13000E+03
131 50 50 36.20 1417300494726 1417300417102 1417300417120 1417300494757 0.13100E+03
132 50 50 36.40 1417300495721 1417300418100 1417300418117 1417300495753 0.13200E+03
133 50 50 36.50 1417300496722 1417300419101 1417300419119 1417300496753 0.13300E+03
134 50 50 36.20 1417300497722 1417300420100 1417300420117 1417300497750 0.13400E+03
135 50 50 36.50 1417300498719 1417300421099 1417300421117 1417300498750 0.13500E+03
136 50 50 36.50 1417300499719 1417300422099 1417300422116 1417300499750 0.13600E+03
137 50 50 36.50 1417300500725 1417300423102 1417300423120 1417300500757 0.13700E+03
138 50 50 36.40 1417300501725 1417300424102 1417300424120 1417300501757 0.13800E+03
139 50 50 36.20 1417300502726 1417300425102 1417300425120 1417300502757 0.13900E+03
140 50 50 36.40 1417300503726 1417300426103 1417300426120 1417300503757 0.14000E+03
141 50 50 36.50 1417300504713 1417300427090 1417300427107 1417300504744 0.14100E+03
142 50 50 36.50 1417300505713 1417300428090 1417300428108 1417300505744 0.14200E+03
143 50 50 36.10 1417300506735 1417300429112 1417300429129 1417300506766 0.14300E+03
144 50 50 36.20 1417300507735 1417300430112 1417300430129 1417300507766 0.14400E+03
145 50 50 36.50 1417300508719 1417300431099 1417300431117 1417300508750 0.14500E+03
146 50 50 36.40 1417300509735 1417300432112 1417300432129 1417300509766 0.14600E+03
147 50 50 36.10 1417300510719 1417300433099 1417300433117 1417300510750 0.14700E+03
148 50 50 36.10 1417300511726 1417300434103 1417300434120 1417300511757 0.14800E+03
149 50 50 36.40 1417300512703 1417300435079 1417300435097 1417300512743 0.14900E+03
150 50 50 36.40 1417300513725 1417300436102 1417300436119 1417300513757 0.15000E+03
151 50 50 36.40 1417300514719 1417300437099 1417300437116 1417300514750 0.15100E+03
152 50 50 36.40 1417300515719 1417300438099 1417300438116 1417300515750 0.15200E+03
153 50 50 36.20 1417300516725 1417300439103 1417300439121 1417300516757 0.15300E+03
154 50 50 36.40 1417300517710 1417300440088 1417300440105 1417300517741 0.15400E+03
155 50 50 36.40 1417300518725 1417300441103 1417300441121 1417300518757 0.15500E+03
156 50 50 36.20 1417300519726 1417300442102 1417300442120 1417300519757 0.15600E+03
157 50 50 36.40 1417300520726 1417300443104 1417300443122 1417300520757 0.15700E+03
158 50 50 36.40 1417300521710 1417300444087 1417300444104 1417300521741 0.15800E+03
159 50 50 36.50 1417300522716 1417300445095 1417300445113 1417300522748 0.15900E+03
160 50 50 36.10 1417300523716 1417300446095 1417300446112 1417300523748 0.16000E+03
161 50 50 36.50 1417300524733 1417300447111 1417300447129 1417300524764 0.16100E+03
162 50 50 36.50 1417300525733 1417300448110 1417300448127 1417300525764 0.16200E+03
163 50 50 36.50 1417300526722 1417300449101 1417300449119 1417300526753 0.16300E+03
164 50 50 36.50 1417300527722 1417300450102 1417300450120 1417300527753 0.16400E+03
165 50 50 36.50 1417300528728 1417300451107 1417300451125 1417300528760 0.16500E+03
166 50 50 36.40 1417300529713 1417300452091 1417300452108 1417300529744 0.16600E+03
167 50 50 36.50 1417300530729 1417300453108 1417300453126 1417300530760 0.16700E+03
168 50 50 36.50 1417300531722 1417300454101 1417300454119 1417300531753 0.16800E+03
169 50 50 36.60 1417300532722 1417300455102 1417300455120 1417300532754 0.16900E+03
170 50 50 36.50 1417300533712 1417300456090 1417300456106 1417300533743 0.17000E+03
171 50 50 36.40 1417300534724 1417300457102 1417300457120 1417300534756 0.17100E+03
172 50 50 36.50 1417300535725 1417300458102 1417300458120 1417300535756 0.17200E+03
173 50 50 36.40 1417300536709 1417300459086 1417300459103 1417300536740 0.17300E+03
174 50 50 36.60 1417300537729 1417300460107 1417300460124 1417300537761 0.17400E+03
175 50 50 36.50 1417300538736 1417300461115 1417300461132 1417300538767 0.17500E+03
176 50 50 36.60 1417300539720 1417300462100 1417300462118 1417300539751 0.17600E+03
177 50 50 36.60 1417300540720 1417300463101 1417300463118 1417300540751 0.17700E+03
178 50 50 36.50 1417300541720 1417300464100 1417300464118 1417300541751 0.17800E+03
179 50 50 36.50 1417300542720 1417300465101 1417300465118 1417300542751 0.17900E+03
180 50 50 36.50 1417300543720 1417300466100 1417300466118 1417300543751 0.18000E+03
181 50 50 36.50 1417300544723 1417300467102 1417300467120 1417300544754 0.18100E+03
182 50 50 36.60 1417300545717 1417300468096 1417300468114 1417300545748 0.18200E+03
183 50 50 36.50 1417300546717 1417300469095 1417300469113 1417300546748 0.18300E+03
184 50 50 36.50 1417300547733 1417300470109 1417300470127 1417300547764 0.18400E+03
185 50 50 36.40 1417300548708 1417300471085 1417300471103 1417300548739 0.18500E+03
186 50 50 36.60 1417300549723 1417300472102 1417300472119 1417300549754 0.18600E+03
187 50 50 36.40 1417300550723 1417300473101 1417300473119 1417300550755 0.18700E+03
188 50 50 36.50 1417300551723 1417300474101 1417300474118 1417300551755 0.18800E+03
189 50 50 36.50 1417300552723 1417300475102 1417300475119 1417300552755 0.18900E+03
190 50 50 36.60 1417300553724 1417300476102 1417300476118 1417300553755 0.19000E+03
191 50 50 36.50 1417300554724 1417300477106 1417300477123 1417300554755 0.19100E+03
192 50 50 36.50 1417300555731 1417300478109 1417300478125 1417300555762 0.19200E+03
193 50 50 36.50 1417300556724 1417300479103 1417300479121 1417300556755 0.19300E+03
194 50 50 36.50 1417300557724 1417300480102 1417300480119 1417300557755 0.19400E+03
195 50 50 36.50 1417300558722 1417300481102 1417300481120 1417300558753 0.19500E+03
196 50 50 36.60 1417300559729 1417300482108 1417300482125 1417300559760 0.19600E+03
197 50 50 36.70 1417300560729 1417300483108 1417300483126 1417300560760 0.19700E+03
198 50 50 36.60 1417300561729 1417300484107 1417300484125 1417300561761 0.19800E+03
199 50 50 36.70 1417300562729 1417300485108 1417300485125 1417300562761 0.19900E+03
200 50 50 36.70 1417300563714 1417300486094 1417300486111 1417300563745 0.20000E+03
201 50 50 36.70 1417300564714 1417300487094 1417300487111 1417300564745 0.20100E+03
202 50 50 36.60 1417300565729 1417300488108 1417300488125 1417300565761 0.20200E+03
203 50 50 36.60 1417300566723 1417300489102 1417300489119 1417300566754 0.20300E+03
204 50 50 36.80 1417300567723 1417300490102 1417300490119 1417300567754 0.20400E+03
205 50 50 36.70 1417300568723 1417300491102 1417300491119 1417300568754 0.20500E+03
206 50 50 36.70 1417300569723 1417300492102 1417300492118 1417300569754 0.20600E+03
207 50 50 36.60 1417300570730 1417300493108 1417300493125 1417300570761 0.20700E+03
208 50 50 36.60 1417300571723 1417300494102 1417300494120 1417300571754 0.20800E+03
209 50 50 36.60 1417300572724 1417300495105 1417300495123 1417300572755 0.20900E+03
210 50 50 36.60 1417300573724 1417300496103 1417300496120 1417300573755 0.21000E+03
211 50 50 36.60 1417300574717 1417300497099 1417300497117 1417300574748 0.21100E+03
212 50 50 36.60 1417300575723 1417300498102 1417300498119 1417300575755 0.21200E+03
213 50 50 36.60 1417300576723 1417300499107 1417300499125 1417300576755 0.21300E+03
214 50 50 36.60 1417300577724 1417300500103 1417300500120 1417300577755 0.21400E+03
215 50 50 36.70 1417300578724 1417300501103 1417300501121 1417300578755 0.21500E+03
216 50 50 36.70 1417300579724 1417300502103 1417300502120 1417300579755 0.21600E+03
217 50 50 36.60 1417300580724 1417300503105 1417300503121 1417300580755 0.21700E+03
218 50 50 36.70 1417300581715 1417300504096 1417300504113 1417300581746 0.21800E+03
219 50 50 36.60 1417300582721 1417300505102 1417300505119 1417300582753 0.21900E+03
220 50 50 36.60 1417300583721 1417300506102 1417300506120 1417300583753 0.22000E+03
221 50 50 36.50 1417300584722 1417300507103 1417300507120 1417300584753 0.22100E+03
222 50 50 36.70 1417300585722 1417300508102 1417300508120 1417300585753 0.22200E+03
223 50 50 36.60 1417300586713 1417300509095 1417300509112 1417300586745 0.22300E+03
224 50 50 36.60 1417300587729 1417300510109 1417300510127 1417300587760 0.22400E+03
225 50 50 36.60 1417300588714 1417300511095 1417300511112 1417300588745 0.22500E+03
226 50 50 36.70 1417300589729 1417300512111 1417300512128 1417300589761 0.22600E+03
227 50 50 36.60 1417300590729 1417300513109 1417300513127 1417300590761 0.22700E+03
228 50 50 36.60 1417300591714 1417300514095 1417300514112 1417300591745 0.22800E+03
229 50 50 36.60 1417300592720 1417300515101 1417300515119 1417300592751 0.22900E+03
230 50 50 36.70 1417300593736 1417300516116 1417300516133 1417300593767 0.23000E+03
231 50 50 36.80 1417300594721 1417300517103 1417300517120 1417300594753 0.23100E+03
232 50 50 36.70 1417300595721 1417300518102 1417300518119 1417300595753 0.23200E+03
233 50 50 36.70 1417300596721 1417300519102 1417300519118 1417300596753 0.23300E+03
234 50 50 36.70 1417300597722 1417300520108 1417300520125 1417300597768 0.23400E+03
235 50 50 36.80 1417300598712 1417300521090 1417300521108 1417300598743 0.23500E+03
236 50 50 36.50 1417300599721 1417300522102 1417300522120 1417300599752 0.23600E+03
237 50 50 36.80 1417300600722 1417300523102 1417300523120 1417300600753 0.23700E+03
238 50 50 36.70 1417300601722 1417300524102 1417300524120 1417300601753 0.23800E+03
239 50 50 36.70 1417300602722 1417300525102 1417300525119 1417300602753 0.23900E+03
240 50 50 36.60 1417300603722 1417300526103 1417300526120 1417300603753 0.24000E+03
241 50 50 36.70 1417300604714 1417300527100 1417300527118 1417300604761 0.24100E+03
242 50 50 36.70 1417300605722 1417300528102 1417300528118 1417300605753 0.24200E+03
243 50 50 36.60 1417300606723 1417300529103 1417300529120 1417300606754 0.24300E+03
244 50 50 36.70 1417300607723 1417300530103 1417300530121 1417300607754 0.24400E+03
245 50 50 36.70 1417300608707 1417300531088 1417300531105 1417300608739 0.24500E+03
246 50 50 36.70 1417300609725 1417300532107 1417300532124 1417300609756 0.24600E+03
247 50 50 36.70 1417300610725 1417300533108 1417300533125 1417300610756 0.24700E+03
248 50 50 36.80 1417300611725 1417300534108 1417300534126 1417300611757 0.24800E+03
249 50 50 36.70 1417300612725 1417300535107 1417300535124 1417300612757 0.24900E+03
250 50 50 36.80 1417300613725 1417300536107 1417300536124 1417300613757 0.25000E+03
251 50 50 36.70 1417300614710 1417300537090 1417300537105 1417300614741 0.25100E+03
252 50 50 36.70 1417300615726 1417300538108 1417300538125 1417300615757 0.25200E+03
253 50 50 36.60 1417300616725 1417300539108 1417300539125 1417300616756 0.25300E+03
254 50 50 36.80 1417300617725 1417300540108 1417300540126 1417300617756 0.25400E+03
255 50 50 36.70 1417300618726 1417300541107 1417300541124 1417300618757 0.25500E+03
256 50 50 36.70 1417300619726 1417300542108 1417300542125 1417300619757 0.25600E+03
257 50 50 36.60 1417300620726 1417300543107 1417300543124 1417300620757 0.25700E+03
258 50 50 36.80 1417300621726 1417300544108 1417300544126 1417300621757 0.25800E+03
259 50 50 36.60 1417300622717 1417300545101 1417300545119 1417300622748 0.25900E+03
260 50 50 36.70 1417300623732 1417300546113 1417300546130 1417300623764 0.26000E+03
261 50 50 36.80 1417300624733 1417300547113 1417300547130 1417300624764 0.26100E+03
262 50 50 36.70 1417300625733 1417300548113 1417300548131 1417300625764 0.26200E+03
263 50 50 36.60 1417300626717 1417300549101 1417300549118 1417300626748 0.26300E+03
264 50 50 36.70 1417300627717 1417300550102 1417300550119 1417300627764 0.26400E+03
265 50 50 36.70 1417300628723 1417300551105 1417300551122 1417300628755 0.26500E+03
266 50 50 36.60 1417300629723 1417300552105 1417300552122 1417300629755 0.26600E+03
267 50 50 36.60 1417300630708 1417300553089 1417300553106 1417300630739 0.26700E+03
268 50 50 36.60 1417300631724 1417300554108 1417300554125 1417300631755 0.26800E+03
269 50 50 36.70 1417300632724 1417300555111 1417300555129 1417300632771 0.26900E+03
270 50 50 36.60 1417300633725 1417300556109 1417300556126 1417300633756 0.27000E+03
271 50 50 36.70 1417300634731 1417300557112 1417300557130 1417300634763 0.27100E+03
272 50 50 36.60 1417300635732 1417300558113 1417300558130 1417300635763 0.27200E+03
273 50 50 36.60 1417300636717 1417300559100 1417300559117 1417300636748 0.27300E+03
274 50 50 36.60 1417300637726 1417300560108 1417300560126 1417300637757 0.27400E+03
275 50 50 36.50 1417300638720 1417300561103 1417300561120 1417300638751 0.27500E+03
276 50 50 36.60 1417300639720 1417300562101 1417300562119 1417300639955 0.27600E+03
277 50 50 36.60 1417300640726 1417300563108 1417300563126 1417300640758 0.27700E+03
278 50 50 36.60 1417300641726 1417300564108 1417300564127 1417300641758 0.27800E+03
279 50 50 36.80 1417300642711 1417300565092 1417300565110 1417300642742 0.27900E+03
280 50 50 36.80 1417300643727 1417300566108 1417300566125 1417300643758 0.28000E+03
281 50 50 36.70 1417300644727 1417300567108 1417300567126 1417300644758 0.28100E+03
282 50 50 36.80 1417300645727 1417300568107 1417300568124 1417300645758 0.28200E+03
283 50 50 36.60 1417300646718 1417300569101 1417300569119 1417300646749 0.28300E+03
284 50 50 36.60 1417300647723 1417300570104 1417300570121 1417300647754 0.28400E+03
285 50 50 36.60 1417300648723 1417300571108 1417300571126 1417300648770 0.28500E+03
286 50 50 36.70 1417300649723 1417300572110 1417300572127 1417300649770 0.28600E+03
287 50 50 36.60 1417300650723 1417300573108 1417300573126 1417300650755 0.28700E+03
288 50 50 36.60 1417300651723 1417300574109 1417300574127 1417300651755 0.28800E+03
289 50 50 36.70 1417300652730 1417300575112 1417300575129 1417300652980 0.28900E+03
290 50 50 36.70 1417300653730 1417300576111 1417300576129 1417300653761 0.29000E+03
291 50 50 36.70 1417300654730 1417300577112 1417300577130 1417300654761 0.29100E+03
292 50 50 36.70 1417300655726 1417300578108 1417300578125 1417300655757 0.29200E+03
293 50 50 36.70 1417300656710 1417300579092 1417300579110 1417300656741 0.29300E+03
294 50 50 36.70 1417300657732 1417300580114 1417300580131 1417300657982 0.29400E+03
295 50 50 36.80 1417300658717 1417300581100 1417300581118 1417300658748 0.29500E+03
296 50 50 36.80 1417300659716 1417300582100 1417300582117 1417300659747 0.29600E+03
297 50 50 36.70 1417300660716 1417300583100 1417300583117 1417300660747 0.29700E+03
298 50 50 36.70 1417300661726 1417300584109 1417300584127 1417300661758 0.29800E+03
299 50 50 36.70 1417300662727 1417300585108 1417300585126 1417300662758 0.29900E+03
300 50 50 36.70 1417300663701 1417300586084 1417300586101 1417300663732 0.30000E+03
301 50 50 36.70 1417300664732 1417300587115 1417300587133 1417300664763 0.30100E+03
302 50 50 36.70 1417300665717 1417300588114 1417300588132 1417300665779 0.30200E+03
303 50 50 36.80 1417300666732 1417300589116 1417300589133 1417300666764 0.30300E+03
304 50 50 36.70 1417300667726 1417300590108 1417300590126 1417300667757 0.30400E+03
305 50 50 36.70 1417300668721 1417300591104 1417300591121 1417300668752 0.30500E+03
306 50 50 36.80 1417300669721 1417300592103 1417300592121 1417300669758 0.30600E+03
307 50 50 36.70 1417300670727 1417300593109 1417300593127 1417300670758 0.30700E+03
308 50 50 36.70 1417300671709 1417300594096 1417300594114 1417300671743 0.30800E+03
309 50 50 36.70 1417300672727 1417300595109 1417300595125 1417300672758 0.30900E+03
310 50 50 36.80 1417300673711 1417300596095 1417300596112 1417300673743 0.31000E+03
311 50 50 36.80 1417300674727 1417300597108 1417300597126 1417300674758 0.31100E+03
312 50 50 36.70 1417300675712 1417300598100 1417300598117 1417300675967 0.31200E+03
313 50 50 36.80 1417300676733 1417300599114 1417300599132 1417300676764 0.31300E+03
314 50 50 36.70 1417300677722 1417300600103 1417300600120 1417300677748 0.31400E+03
315 50 50 36.90 1417300678717 1417300601101 1417300601118 1417300678748 0.31500E+03
316 50 50 36.70 1417300679732 1417300602115 1417300602133 1417300679764 0.31600E+03
317 50 50 36.70 1417300680725 1417300603108 1417300603126 1417300680756 0.31700E+03
318 50 50 36.70 1417300681725 1417300604108 1417300604125 1417300681762 0.31800E+03
319 50 50 36.70 1417300682715 1417300605100 1417300605118 1417300682746 0.31900E+03
320 50 50 36.70 1417300683715 1417300606096 1417300606114 1417300683746 0.32000E+03
321 50 50 36.60 1417300684730 1417300607113 1417300607131 1417300684762 0.32100E+03
322 50 50 36.70 1417300685730 1417300608113 1417300608131 1417300685762 0.32200E+03
323 50 50 36.80 1417300686715 1417300609100 1417300609117 1417300686746 0.32300E+03
324 50 50 36.80 1417300687730 1417300610114 1417300610132 1417300687768 0.32400E+03
325 50 50 36.90 1417300688716 1417300611102 1417300611120 1417300688748 0.32500E+03
326 50 50 36.80 1417300689716 1417300612102 1417300612118 1417300689747 0.32600E+03
327 50 50 36.90 1417300690716 1417300613102 1417300613120 1417300690747 0.32700E+03
328 50 50 36.60 1417300691732 1417300614114 1417300614132 1417300691763 0.32800E+03
329 50 50 36.70 1417300692716 1417300615101 1417300615118 1417300692747 0.32900E+03
330 50 50 36.80 1417300693732 1417300616115 1417300616132 1417300693763 0.33000E+03
331 50 50 36.80 1417300694732 1417300617114 1417300617132 1417300694973 0.33100E+03
332 50 50 36.90 1417300695723 1417300618108 1417300618125 1417300695763 0.33200E+03
333 50 50 36.80 1417300696709 1417300619095 1417300619113 1417300696741 0.33300E+03
334 50 50 36.80 1417300697725 1417300620108 1417300620126 1417300697756 0.33400E+03
335 50 50 36.70 1417300698725 1417300621107 1417300621126 1417300698756 0.33500E+03
336 50 50 36.90 1417300699725 1417300622108 1417300622125 1417300699756 0.33600E+03
337 50 50 36.80 1417300700710 1417300623092 1417300623109 1417300700741 0.33700E+03
338 50 50 36.90 1417300701724 1417300624108 1417300624126 1417300701756 0.33800E+03
339 50 50 36.70 1417300702709 1417300625091 1417300625109 1417300702750 0.33900E+03
340 50 50 36.80 1417300703709 1417300626092 1417300626109 1417300703741 0.34000E+03
341 50 50 36.80 1417300704718 1417300627103 1417300627121 1417300704968 0.34100E+03
342 50 50 36.80 1417300705718 1417300628103 1417300628121 1417300705750 0.34200E+03
343 50 50 36.80 1417300706718 1417300629102 1417300629120 1417300706750 0.34300E+03
344 50 50 36.60 1417300707737 1417300630125 1417300630141 1417300707782 0.34400E+03
345 50 50 36.80 1417300708736 1417300631119 1417300631137 1417300708986 0.34500E+03
346 50 50 36.70 1417300709720 1417300632103 1417300632121 1417300709751 0.34600E+03
347 50 50 36.90 1417300710720 1417300633103 1417300633120 1417300710751 0.34700E+03
348 50 50 36.90 1417300711720 1417300634103 1417300634120 1417300711751 0.34800E+03
349 50 50 36.80 1417300712710 1417300635095 1417300635113 1417300712742 0.34900E+03
350 50 50 36.90 1417300713720 1417300636103 1417300636122 1417300713970 0.35000E+03
351 50 50 36.90 1417300714720 1417300637104 1417300637121 1417300714751 0.35100E+03
352 50 50 36.90 1417300715720 1417300638103 1417300638121 1417300715751 0.35200E+03
353 50 50 36.80 1417300716736 1417300639119 1417300639136 1417300716767 0.35300E+03
354 50 50 36.90 1417300717712 1417300640100 1417300640119 1417300717759 0.35400E+03
355 50 50 36.80 1417300718718 1417300641104 1417300641121 1417300718749 0.35500E+03
356 50 50 36.80 1417300719712 1417300642100 1417300642117 1417300719758 0.35600E+03
357 50 50 36.80 1417300720727 1417300643110 1417300643128 1417300720759 0.35700E+03
358 50 50 36.90 1417300721727 1417300644110 1417300644127 1417300721759 0.35800E+03
359 50 50 36.80 1417300722727 1417300645111 1417300645129 1417300722759 0.35900E+03
360 50 50 36.90 1417300723718 1417300646103 1417300646121 1417300723968 0.36000E+03
361 50 50 36.70 1417300724718 1417300648391 1417300648409 1417300735234 0.36100E+03
372 50 50 36.70 1417300735718 1417300658103 1417300658122 1417300735749 0.37200E+03
373 50 50 36.70 1417300736734 1417300659118 1417300659134 1417300736765 0.37300E+03
374 50 50 36.70 1417300737718 1417300660104 1417300660122 1417300737749 0.37400E+03
375 50 50 36.80 1417300738709 1417300661097 1417300661114 1417300738740 0.37500E+03
376 50 50 36.90 1417300739725 1417300662109 1417300662126 1417300739756 0.37600E+03
377 50 50 36.80 1417300740725 1417300663108 1417300663126 1417300740756 0.37700E+03
378 50 50 36.80 1417300741725 1417300664108 1417300664125 1417300741756 0.37800E+03
379 50 50 36.80 1417300742730 1417300665115 1417300665130 1417300742762 0.37900E+03
380 50 50 36.80 1417300743724 1417300666108 1417300666125 1417300743755 0.38000E+03
381 50 50 36.90 1417300744724 1417300667109 1417300667127 1417300744755 0.38100E+03
382 50 50 36.70 1417300745724 1417300668109 1417300668125 1417300745755 0.38200E+03
383 50 50 36.90 1417300746720 1417300669106 1417300669122 1417300746752 0.38300E+03
384 50 50 36.90 1417300747711 1417300670101 1417300670119 1417300747758 0.38400E+03
385 50 50 36.80 1417300748720 1417300671104 1417300671121 1417300748751 0.38500E+03
386 50 50 36.90 1417300749720 1417300672104 1417300672123 1417300749751 0.38600E+03
387 50 50 36.90 1417300750736 1417300673120 1417300673138 1417300750767 0.38700E+03
388 50 50 36.90 1417300751736 1417300674120 1417300674138 1417300751798 0.38800E+03
389 50 50 36.90 1417300752720 1417300675105 1417300675123 1417300752976 0.38900E+03
390 50 50 36.80 1417300753726 1417300676112 1417300676129 1417300753757 0.39000E+03
391 50 50 37.20 1417300754721 1417300677105 1417300677122 1417300754752 0.39100E+03
392 50 50 36.70 1417300755721 1417300678105 1417300678122 1417300755752 0.39200E+03
393 50 50 36.80 1417300756714 1417300679101 1417300679119 1417300756745 0.39300E+03
394 50 50 37.00 1417300757730 1417300680114 1417300680131 1417300757761 0.39400E+03
395 50 50 36.90 1417300758714 1417300681102 1417300681120 1417300758745 0.39500E+03
396 50 50 36.90 1417300759720 1417300682105 1417300682122 1417300759751 0.39600E+03
397 50 50 36.90 1417300760730 1417300683115 1417300683133 1417300760761 0.39700E+03
398 50 50 36.90 1417300761714 1417300684101 1417300684118 1417300761745 0.39800E+03
399 50 50 36.80 1417300762714 1417300685101 1417300685119 1417300762745 0.39900E+03
400 50 50 36.80 1417300763714 1417300686101 1417300686119 1417300763745 0.40000E+03
401 60 50 36.90 1417300764720 1417300687107 1417300687125 1417300764751 0.40100E+03
402 60 50 36.90 1417300765736 1417300688121 1417300688138 1417300765767 0.40200E+03
403 60 50 36.60 1417300766721 1417300689105 1417300689122 1417300766752 0.40300E+03
404 60 50 36.90 1417300767721 1417300690110 1417300690128 1417300767768 0.40400E+03
405 60 50 36.90 1417300768714 1417300691101 1417300691118 1417300768964 0.40500E+03
406 60 50 37.00 1417300769723 1417300692109 1417300692127 1417300769963 0.40600E+03
407 60 50 37.00 1417300770715 1417300693102 1417300693119 1417300770746 0.40700E+03
408 60 50 37.00 1417300771711 1417300694097 1417300694114 1417300771742 0.40800E+03
409 60 50 37.00 1417300772711 1417300695097 1417300695115 1417300772743 0.40900E+03
410 60 50 37.00 1417300773727 1417300696113 1417300696130 1417300773758 0.41000E+03
411 60 50 37.20 1417300774711 1417300697101 1417300697118 1417300774743 0.41100E+03
412 60 50 37.20 1417300775727 1417300698112 1417300698131 1417300775758 0.41200E+03
413 60 50 37.20 1417300776717 1417300699104 1417300699122 1417300776748 0.41300E+03
414 60 50 37.20 1417300777727 1417300700112 1417300700129 1417300777758 0.41400E+03
415 60 50 37.30 1417300778711 1417300701097 1417300701115 1417300778742 0.41500E+03
416 60 50 37.20 1417300779727 1417300702112 1417300702129 1417300779758 0.41600E+03
417 60 50 37.40 1417300780711 1417300703097 1417300703114 1417300780742 0.41700E+03
418 60 50 37.40 1417300781727 1417300704112 1417300704130 1417300781758 0.41800E+03
419 60 50 37.40 1417300782717 1417300705104 1417300705121 1417300782961 0.41900E+03
420 60 50 37.40 1417300783726 1417300706112 1417300706129 1417300783961 0.42000E+03
421 60 50 37.60 1417300784726 1417300708313 1417300708330 1417300785961 0.42100E+03
423 60 50 37.60 1417300786711 1417300709097 1417300709114 1417300786742 0.42300E+03
424 60 50 37.50 1417300787722 1417300710109 1417300710126 1417300787753 0.42400E+03
425 60 50 37.60 1417300788728 1417300711113 1417300711129 1417300788759 0.42500E+03
426 60 50 37.70 1417300789728 1417300712114 1417300712132 1417300789760 0.42600E+03
427 60 50 37.60 1417300790713 1417300713109 1417300713126 1417300790760 0.42700E+03
428 60 50 37.70 1417300791729 1417300714114 1417300714132 1417300791760 0.42800E+03
429 60 50 37.90 1417300792713 1417300715101 1417300715118 1417300792744 0.42900E+03
430 60 50 37.60 1417300793719 1417300716104 1417300716122 1417300793750 0.43000E+03
431 40 50 37.90 1417300794728 1417300717114 1417300717132 1417300794760 0.43100E+03
432 40 50 37.90 1417300795713 1417300718097 1417300718113 1417300795744 0.43200E+03
433 40 50 37.70 1417300796713 1417300719101 1417300719119 1417300796744 0.43300E+03
434 40 50 37.90 1417300797728 1417300720114 1417300720133 1417300797760 0.43400E+03
435 40 50 37.70 1417300798724 1417300721110 1417300721128 1417300798756 0.43500E+03
436 40 50 37.90 1417300799709 1417300722096 1417300722114 1417300799740 0.43600E+03
437 40 50 37.60 1417300800725 1417300723109 1417300723127 1417300800756 0.43700E+03
438 40 50 37.70 1417300801725 1417300724110 1417300724128 1417300801756 0.43800E+03
439 40 50 37.70 1417300802725 1417300725111 1417300725128 1417300802756 0.43900E+03
440 40 50 37.60 1417300803726 1417300726112 1417300726129 1417300803757 0.44000E+03
441 40 50 37.60 1417300804788 1417300727173 1417300727190 1417300804819 0.44100E+03
442 40 50 37.60 1417300805728 1417300728114 1417300728132 1417300805759 0.44200E+03
443 40 50 37.50 1417300806728 1417300729114 1417300729130 1417300806759 0.44300E+03
444 40 50 37.40 1417300807728 1417300730116 1417300730134 1417300807978 0.44400E+03
445 40 50 37.40 1417300808728 1417300731113 1417300731131 1417300808759 0.44500E+03
446 40 50 37.40 1417300809728 1417300732114 1417300732130 1417300809759 0.44600E+03
447 40 50 37.40 1417300810712 1417300733101 1417300733118 1417300810743 0.44700E+03
448 40 50 37.30 1417300811728 1417300734116 1417300734133 1417300811759 0.44800E+03
449 40 50 37.00 1417300812718 1417300735104 1417300735121 1417300812749 0.44900E+03
450 60 50 37.20 1417300813727 1417300736114 1417300736132 1417300813759 0.45000E+03
451 60 50 37.00 1417300814712 1417300737101 1417300737118 1417300814743 0.45100E+03
452 60 50 36.90 1417300815727 1417300738114 1417300738132 1417300815759 0.45200E+03
453 60 50 36.90 1417300816727 1417300739113 1417300739131 1417300816759 0.45300E+03
454 60 50 36.90 1417300817730 1417300740117 1417300740134 1417300817762 0.45400E+03
455 60 50 36.90 1417300818715 1417300741103 1417300741121 1417300818746 0.45500E+03
456 60 50 36.80 1417300819714 1417300742102 1417300742120 1417300819746 0.45600E+03
457 60 50 36.80 1417300820714 1417300743104 1417300743122 1417300820746 0.45700E+03
458 60 50 36.80 1417300821714 1417300744103 1417300744120 1417300821746 0.45800E+03
459 60 50 36.70 1417300822730 1417300745116 1417300745133 1417300822970 0.45900E+03
460 60 50 36.80 1417300823720 1417300746109 1417300746127 1417300823751 0.46000E+03
461 60 50 36.90 1417300824714 1417300747103 1417300747121 1417300824745 0.46100E+03
462 60 50 36.90 1417300825730 1417300748116 1417300748134 1417300825761 0.46200E+03
463 60 50 37.00 1417300826730 1417300749114 1417300749132 1417300826761 0.46300E+03
464 60 50 37.20 1417300827714 1417300750103 1417300750121 1417300827745 0.46400E+03
465 60 50 36.90 1417300828720 1417300751110 1417300751126 1417300828751 0.46500E+03
466 60 50 37.20 1417300829717 1417300752105 1417300752122 1417300829749 0.46600E+03
467 60 50 37.00 1417300830720 1417300753110 1417300753128 1417300830752 0.46700E+03
468 60 50 37.00 1417300831721 1417300754109 1417300754126 1417300831752 0.46800E+03
469 60 50 37.30 1417300832721 1417300755110 1417300755127 1417300832752 0.46900E+03
470 60 50 37.30 1417300833721 1417300756109 1417300756127 1417300833752 0.47000E+03
471 60 50 37.20 1417300834721 1417300757109 1417300757126 1417300834752 0.47100E+03
472 60 50 37.30 1417300835727 1417300758112 1417300758129 1417300835758 0.47200E+03
473 60 50 37.40 1417300836721 1417300759110 1417300759128 1417300836753 0.47300E+03
474 60 50 37.30 1417300837722 1417300760110 1417300760126 1417300837754 0.47400E+03
475 60 50 37.40 1417300838723 1417300761110 1417300761129 1417300838754 0.47500E+03
476 60 50 37.50 1417300839723 1417300762110 1417300762127 1417300839754 0.47600E+03
477 60 50 37.70 1417300840713 1417300763103 1417300763121 1417300840744 0.47700E+03
478 60 50 37.50 1417300841729 1417300764116 1417300764134 1417300841760 0.47800E+03
479 60 50 37.70 1417300842728 1417300765115 1417300765133 1417300842760 0.47900E+03
480 60 50 37.90 1417300843713 1417300766101 1417300766119 1417300843760 0.48000E+03
481 60 50 37.60 1417300844713 1417300767103 1417300767120 1417300844744 0.48100E+03
482 60 50 37.70 1417300845728 1417300768115 1417300768132 1417300845968 0.48200E+03
483 60 50 37.70 1417300846718 1417300769105 1417300769123 1417300846749 0.48300E+03
484 60 50 37.90 1417300847713 1417300770103 1417300770121 1417300847744 0.48400E+03
485 60 50 37.90 1417300848722 1417300771109 1417300771127 1417300848753 0.48500E+03
486 60 50 37.90 1417300849722 1417300772110 1417300772126 1417300849753 0.48600E+03
487 60 50 38.00 1417300850722 1417300773110 1417300773127 1417300850753 0.48700E+03
488 60 50 37.90 1417300851712 1417300774102 1417300774119 1417300851743 0.48800E+03
489 60 50 38.10 1417300852722 1417300775109 1417300775126 1417300852753 0.48900E+03
490 60 50 38.10 1417300853722 1417300776110 1417300776127 1417300853753 0.49000E+03
491 40 50 38.00 1417300854725 1417300777111 1417300777129 1417300854959 0.49100E+03
492 40 50 38.00 1417300855725 1417300778113 1417300778131 1417300855756 0.49200E+03
493 40 50 38.00 1417300856725 1417300779113 1417300779131 1417300856756 0.49300E+03
494 40 50 38.00 1417300857731 1417300780119 1417300780136 1417300857762 0.49400E+03
495 40 50 38.10 1417300858726 1417300781111 1417300781129 1417300858757 0.49500E+03
496 40 50 38.00 1417300859727 1417300782112 1417300782130 1417300859758 0.49600E+03
497 40 50 38.00 1417300860727 1417300783114 1417300783131 1417300860758 0.49700E+03
498 40 50 38.10 1417300861727 1417300784114 1417300784131 1417300861758 0.49800E+03
499 40 50 37.70 1417300862717 1417300785105 1417300785122 1417300862748 0.49900E+03
500 40 50 38.00 1417300863727 1417300786115 1417300786133 1417300863758 0.50000E+03
501 40 50 38.00 1417300864711 1417300787102 1417300787120 1417300864758 0.50100E+03
502 60 50 37.70 1417300865727 1417300788114 1417300788132 1417300866414 0.50200E+03
503 60 50 37.90 1417300866711 1417300789102 1417300789119 1417300866742 0.50300E+03
504 60 50 37.60 1417300867727 1417300790114 1417300790131 1417300867758 0.50400E+03
505 60 50 37.40 1417300868733 1417300792122 1417300792139 1417300869773 0.50500E+03
507 60 50 37.40 1417300870726 1417300793114 1417300793132 1417300870758 0.50700E+03
508 60 50 37.40 1417300871717 1417300794105 1417300794121 1417300871951 0.50800E+03
509 60 50 37.30 1417300872723 1417300795110 1417300795128 1417300872754 0.50900E+03
510 60 50 37.40 1417300873718 1417300796106 1417300796124 1417300873749 0.51000E+03
511 60 50 37.50 1417300874733 1417300797122 1417300797139 1417300874764 0.51100E+03
512 60 50 37.40 1417300875718 1417300798105 1417300798123 1417300875749 0.51200E+03
513 60 50 37.40 1417300876718 1417300800109 1417300800127 1417300877749 0.51300E+03
515 60 50 37.30 1417300878724 1417300801111 1417300801128 1417300878959 0.51500E+03
516 60 50 37.40 1417300879717 1417300802105 1417300802124 1417300879749 0.51600E+03
517 60 50 37.50 1417300880733 1417300803122 1417300803139 1417300880764 0.51700E+03
518 60 50 37.50 1417300881718 1417300804105 1417300804123 1417300881952 0.51800E+03
519 60 50 37.50 1417300882718 1417300805110 1417300805127 1417300882749 0.51900E+03
520 60 50 37.50 1417300883709 1417300806098 1417300806116 1417300883740 0.52000E+03
521 60 50 37.50 1417300884733 1417300807129 1417300807146 1417300884983 0.52100E+03
522 60 50 37.70 1417300885717 1417300808105 1417300808123 1417300885749 0.52200E+03
523 60 50 37.50 1417300886733 1417300809121 1417300809138 1417300886764 0.52300E+03
524 60 50 37.50 1417300887718 1417300810105 1417300810123 1417300887749 0.52400E+03
525 60 50 37.70 1417300888718 1417300811106 1417300811123 1417300888749 0.52500E+03
526 40 50 37.60 1417300889724 1417300812112 1417300812130 1417300889755 0.52600E+03
527 40 50 37.70 1417300890718 1417300813106 1417300813124 1417300890749 0.52700E+03
528 40 50 37.70 1417300891718 1417300814106 1417300814123 1417300891749 0.52800E+03
529 40 50 37.70 1417300892718 1417300815108 1417300815127 1417300892749 0.52900E+03
530 40 50 37.70 1417300893734 1417300816122 1417300816140 1417300893765 0.53000E+03
531 40 50 37.90 1417300894734 1417300817122 1417300817140 1417300894765 0.53100E+03
532 40 50 37.90 1417300895724 1417300818112 1417300818130 1417300895755 0.53200E+03
533 40 50 37.70 1417300896718 1417300819110 1417300819128 1417300896764 0.53300E+03
534 40 50 37.70 1417300897718 1417300820106 1417300820124 1417300897749 0.53400E+03
535 40 50 37.70 1417300898718 1417300821106 1417300821123 1417300898749 0.53500E+03
536 40 50 37.60 1417300899733 1417300822121 1417300822139 1417300899765 0.53600E+03
537 40 50 37.50 1417300900724 1417300823113 1417300823130 1417300900755 0.53700E+03
538 40 50 37.60 1417300901724 1417300824112 1417300824130 1417300901755 0.53800E+03
539 40 50 37.60 1417300902729 1417300825118 1417300825135 1417300902760 0.53900E+03
540 40 50 37.40 1417300903713 1417300826103 1417300826121 1417300903745 0.54000E+03
541 40 50 37.30 1417300904729 1417300827116 1417300827133 1417300904760 0.54100E+03
542 40 50 37.30 1417300905724 1417300828113 1417300828131 1417300905756 0.54200E+03
543 40 50 37.20 1417300906725 1417300829112 1417300829129 1417300906759 0.54300E+03
544 40 50 37.20 1417300907719 1417300830110 1417300830128 1417300907750 0.54400E+03
545 40 50 37.20 1417300908734 1417300831123 1417300831140 1417300908766 0.54500E+03
546 40 50 37.00 1417300909723 1417300832113 1417300832130 1417300909754 0.54600E+03
547 40 50 36.90 1417300910716 1417300833105 1417300833122 1417300910748 0.54700E+03
548 40 50 36.90 1417300911732 1417300834121 1417300834138 1417300911763 0.54800E+03
549 40 50 36.90 1417300912716 1417300835105 1417300835122 1417300912748 0.54900E+03
550 40 50 36.90 1417300913717 1417300836110 1417300836127 1417300913748 0.55000E+03
551 40 50 36.80 1417300914723 1417300837111 1417300837128 1417300914754 0.55100E+03
552 40 50 36.70 1417300915717 1417300838106 1417300838123 1417300915748 0.55200E+03
553 40 50 36.80 1417300916717 1417300839106 1417300839123 1417300916748 0.55300E+03
554 40 50 36.60 1417300917717 1417300840106 1417300840124 1417300917748 0.55400E+03
555 40 50 36.60 1417300918733 1417300841121 1417300841146 1417300918779 0.55500E+03
556 40 50 36.50 1417300919723 1417300842113 1417300842130 1417300919754 0.55600E+03
557 40 50 36.60 1417300920724 1417300843114 1417300843130 1417300920756 0.55700E+03
558 40 50 36.60 1417300921724 1417300844113 1417300844131 1417300921755 0.55800E+03
559 40 50 36.50 1417300922724 1417300845113 1417300845129 1417300922755 0.55900E+03
560 40 50 36.50 1417300923724 1417300846113 1417300846130 1417300923755 0.56000E+03
561 40 50 36.40 1417300924724 1417300847113 1417300847130 1417300924755 0.56100E+03
562 40 50 36.40 1417300925730 1417300848119 1417300848137 1417300925761 0.56200E+03
563 60 50 36.20 1417300926715 1417300849105 1417300849122 1417300926746 0.56300E+03
564 60 50 36.10 1417300927730 1417300850120 1417300850137 1417300927762 0.56400E+03
565 60 50 36.10 1417300928715 1417300851105 1417300851122 1417300928746 0.56500E+03
566 60 50 36.20 1417300929715 1417300852104 1417300852123 1417300929746 0.56600E+03
567 60 50 36.10 1417300930715 1417300853106 1417300853123 1417300930746 0.56700E+03
568 60 50 36.20 1417300931721 1417300854110 1417300854128 1417300931752 0.56800E+03
569 60 50 36.20 1417300932721 1417300855111 1417300855128 1417300932753 0.56900E+03
570 60 50 36.20 1417300933721 1417300856110 1417300856128 1417300933752 0.57000E+03
571 60 50 36.20 1417300934721 1417300857110 1417300857127 1417300934752 0.57100E+03
572 60 50 36.20 1417300935721 1417300858110 1417300858128 1417300935752 0.57200E+03
573 60 50 36.40 1417300936721 1417300859110 1417300859127 1417300936752 0.57300E+03
574 60 50 36.50 1417300937727 1417300860116 1417300860133 1417300937758 0.57400E+03
575 60 50 36.50 1417300938715 1417300861104 1417300861121 1417300938746 0.57500E+03
576 60 50 36.60 1417300939717 1417300862110 1417300862127 1417300939749 0.57600E+03
577 60 50 36.50 1417300940731 1417300863120 1417300863138 1417300940762 0.57700E+03
578 60 50 36.70 1417300941731 1417300864120 1417300864137 1417300941762 0.57800E+03
579 60 50 36.80 1417300942736 1417300865126 1417300865145 1417300942768 0.57900E+03
580 60 50 36.70 1417300943727 1417300866117 1417300866133 1417300943758 0.58000E+03
581 60 50 36.80 1417300944721 1417300867111 1417300867129 1417300944752 0.58100E+03
582 60 50 36.90 1417300945721 1417300868112 1417300868129 1417300945752 0.58200E+03
583 60 50 36.90 1417300946721 1417300869112 1417300869129 1417300946752 0.58300E+03
584 60 50 36.90 1417300947721 1417300870111 1417300870129 1417300947752 0.58400E+03
585 60 50 36.90 1417300948721 1417300871111 1417300871128 1417300948752 0.58500E+03
586 60 50 37.00 1417300949727 1417300872116 1417300872134 1417300949758 0.58600E+03
587 60 50 37.20 1417300950721 1417300873112 1417300873129 1417300950752 0.58700E+03
588 60 50 37.20 1417300951730 1417300874120 1417300874138 1417300951761 0.58800E+03
589 60 50 37.40 1417300952714 1417300876107 1417300876125 1417300953746 0.58900E+03
591 60 50 37.30 1417300954714 1417300877105 1417300877123 1417300954746 0.59100E+03
592 60 50 37.40 1417300955720 1417300878110 1417300878129 1417300955751 0.59200E+03
593 60 50 37.60 1417300956715 1417300879110 1417300879128 1417300956761 0.59300E+03
594 60 50 37.50 1417300957715 1417300880106 1417300880123 1417300957746 0.59400E+03
595 60 50 37.50 1417300958730 1417300881121 1417300881139 1417300958777 0.59500E+03
596 60 50 37.70 1417300959715 1417300882106 1417300882123 1417300959746 0.59600E+03
597 60 50 37.60 1417300960715 1417300883106 1417300883124 1417300960746 0.59700E+03
598 60 50 37.60 1417300961721 1417300884112 1417300884130 1417300961752 0.59800E+03
599 40 50 37.70 1417300962720 1417300885112 1417300885129 1417300962752 0.59900E+03
600 40 50 37.70 1417300963722 1417300886113 1417300886130 1417300963753 0.60000E+03
601 40 50 37.90 1417300964722 1417300887112 1417300887130 1417300964753 0.60100E+03
602 40 50 37.90 1417300965722 1417300888112 1417300888129 1417300965753 0.60200E+03
603 40 50 37.70 1417300966728 1417300889119 1417300889136 1417300966759 0.60300E+03
604 40 50 37.70 1417300967722 1417300890113 1417300890130 1417300967753 0.60400E+03
605 40 50 37.70 1417300968722 1417300891113 1417300891130 1417300968753 0.60500E+03
606 40 50 37.70 1417300969722 1417300892113 1417300892132 1417300969753 0.60600E+03
607 40 50 37.90 1417300970731 1417300893122 1417300893140 1417300970762 0.60700E+03
608 40 50 37.60 1417300971721 1417300894112 1417300894128 1417300971752 0.60800E+03
609 40 50 37.60 1417300972731 1417300895122 1417300895140 1417300972763 0.60900E+03
610 40 50 37.60 1417300973731 1417300896122 1417300896139 1417300973762 0.61000E+03
611 40 50 37.50 1417300974715 1417300897107 1417300897125 1417300974747 0.61100E+03
612 40 50 37.50 1417300975715 1417300898105 1417300898122 1417300975747 0.61200E+03
613 40 50 37.40 1417300976715 1417300899113 1417300899130 1417300976762 0.61300E+03
614 40 50 37.40 1417300977715 1417300900110 1417300900128 1417300977747 0.61400E+03
615 40 50 37.50 1417300978722 1417300901113 1417300901131 1417300978753 0.61500E+03
616 40 50 37.30 1417300979732 1417300902124 1417300902142 1417300979763 0.61600E+03
617 40 50 37.20 1417300980716 1417300903108 1417300903125 1417300980747 0.61700E+03
618 40 50 37.30 1417300981717 1417300904111 1417300904128 1417300981748 0.61800E+03
619 40 50 37.20 1417300982732 1417300905126 1417300905143 1417300982764 0.61900E+03
620 40 50 36.90 1417300983723 1417300906115 1417300906132 1417300983754 0.62000E+03
621 40 50 36.90 1417300984723 1417300907114 1417300907130 1417300984754 0.62100E+03
622 40 50 36.90 1417300985723 1417300908115 1417300908133 1417300985754 0.62200E+03
623 40 50 36.80 1417300986723 1417300909114 1417300909130 1417300986754 0.62300E+03
624 40 50 36.80 1417300987723 1417300910115 1417300910132 1417300987754 0.62400E+03
625 40 50 36.80 1417300988784 1417300911176 1417300911192 1417300988815 0.62500E+03
626 40 50 36.70 1417300989727 1417300912119 1417300912136 1417300989759 0.62600E+03
627 40 50 36.60 1417300990721 1417300913114 1417300913131 1417300990752 0.62700E+03
628 40 50 36.70 1417300991721 1417300914112 1417300914130 1417300991752 0.62800E+03
629 40 50 36.60 1417300992721 1417300915113 1417300915130 1417300992752 0.62900E+03
630 40 50 36.50 1417300993721 1417300916113 1417300916130 1417300993753 0.63000E+03
631 40 50 36.50 1417300994728 1417300917119 1417300917137 1417300994759 0.63100E+03
632 40 50 36.50 1417300995728 1417300918135 1417300918152 1417300995775 0.63200E+03
633 40 50 36.40 1417300996713 1417300919106 1417300919123 1417300996744 0.63300E+03
634 40 50 36.40 1417300997713 1417300920106 1417300920124 1417300997744 0.63400E+03
635 40 50 36.20 1417300998713 1417300921106 1417300921123 1417300998744 0.63500E+03
636 40 50 36.20 1417300999728 1417300922120 1417300922138 1417300999760 0.63600E+03
637 40 50 36.40 1417301000719 1417300923111 1417300923129 1417301000750 0.63700E+03
638 40 50 36.40 1417301001716 1417300924111 1417300924128 1417301001747 0.63800E+03
639 40 50 35.90 1417301002719 1417300925111 1417300925129 1417301002750 0.63900E+03
640 40 50 36.10 1417301003735 1417300926126 1417300926144 1417301003766 0.64000E+03
641 40 50 36.10 1417301004719 1417300927111 1417300927128 1417301004750 0.64100E+03
642 40 50 36.00 1417301005719 1417300928111 1417300928130 1417301005750 0.64200E+03
643 60 50 36.10 1417301006724 1417300929116 1417300929133 1417301006755 0.64300E+03
644 60 50 36.00 1417301007714 1417300930106 1417300930124 1417301007746 0.64400E+03
645 60 50 36.10 1417301008723 1417300931116 1417300931134 1417301008755 0.64500E+03
646 60 50 36.00 1417301009723 1417300932122 1417300932140 1417301009770 0.64600E+03
647 60 50 35.90 1417301010724 1417300933115 1417300933133 1417301010755 0.64700E+03
648 60 50 36.00 1417301011724 1417300934115 1417300934133 1417301011755 0.64800E+03
649 60 50 35.90 1417301012720 1417300935113 1417300935131 1417301012751 0.64900E+03
650 60 50 35.90 1417301013724 1417300936116 1417300936134 1417301013755 0.65000E+03
651 60 50 36.10 1417301014724 1417300937116 1417300937134 1417301014755 0.65100E+03
652 60 50 36.20 1417301015724 1417300938117 1417300938134 1417301015755 0.65200E+03
653 60 50 36.20 1417301016724 1417300939116 1417300939134 1417301016755 0.65300E+03
654 60 50 36.40 1417301017724 1417300940116 1417300940134 1417301017755 0.65400E+03
655 60 50 36.40 1417301018730 1417300941122 1417300941140 1417301018762 0.65500E+03
656 60 50 36.50 1417301019730 1417300942123 1417300942140 1417301019762 0.65600E+03
657 60 50 36.50 1417301020730 1417300943123 1417300943141 1417301020762 0.65700E+03
658 60 50 36.60 1417301021730 1417300944124 1417300944142 1417301021762 0.65800E+03
659 60 50 36.70 1417301022721 1417300945114 1417300945130 1417301022752 0.65900E+03
660 60 50 36.80 1417301023721 1417300946115 1417300946132 1417301023752 0.66000E+03
661 60 50 36.90 1417301024727 1417300947120 1417300947138 1417301024759 0.66100E+03
662 60 50 36.70 1417301025721 1417300948114 1417300948132 1417301025753 0.66200E+03
663 60 50 36.90 1417301026721 1417300949116 1417300949134 1417301026768 0.66300E+03
664 60 50 36.80 1417301027721 1417300950113 1417300950131 1417301027753 0.66400E+03
665 60 50 37.00 1417301028721 1417300951114 1417300951130 1417301028753 0.66500E+03
666 60 50 37.00 1417301029728 1417300952121 1417300952137 1417301029759 0.66600E+03
667 60 50 37.20 1417301030722 1417300953115 1417300953132 1417301030753 0.66700E+03
668 60 50 37.20 1417301031722 1417300954115 1417300954132 1417301031753 0.66800E+03
669 60 50 37.20 1417301032712 1417300955106 1417300955124 1417301032744 0.66900E+03
670 60 50 37.30 1417301033728 1417300956121 1417300956139 1417301033759 0.67000E+03
671 60 50 37.30 1417301034728 1417300957121 1417300957139 1417301034759 0.67100E+03
672 60 50 37.30 1417301035719 1417300958111 1417300958129 1417301035750 0.67200E+03
673 60 50 37.40 1417301036728 1417300959122 1417300959140 1417301036760 0.67300E+03
674 60 50 37.30 1417301037728 1417300960121 1417300960138 1417301037760 0.67400E+03
675 60 50 37.60 1417301038713 1417300961107 1417300961123 1417301038744 0.67500E+03
676 60 50 37.50 1417301039728 1417300962122 1417300962140 1417301039760 0.67600E+03
677 60 50 37.60 1417301040719 1417300963112 1417300963129 1417301040751 0.67700E+03
678 60 50 37.60 1417301041719 1417300964114 1417300964131 1417301041751 0.67800E+03
679 60 50 37.70 1417301042736 1417300965128 1417300965145 1417301042767 0.67900E+03
680 60 50 37.70 1417301043721 1417300966115 1417300966133 1417301043752 0.68000E+03
681 40 50 37.70 1417301044721 1417300967115 1417300967132 1417301044752 0.68100E+03
682 40 50 37.70 1417301045721 1417300968118 1417300968136 1417301045752 0.68200E+03
683 40 50 37.90 1417301046722 1417300969119 1417300969137 1417301046753 0.68300E+03
684 40 50 37.70 1417301047731 1417300970125 1417300970144 1417301047762 0.68400E+03
685 40 50 37.70 1417301048716 1417300971112 1417300971129 1417301048747 0.68500E+03
686 40 50 37.90 1417301049716 1417300972111 1417300972129 1417301049747 0.68600E+03
687 40 50 37.90 1417301050722 1417300973115 1417300973132 1417301050753 0.68700E+03
688 40 50 37.70 1417301051722 1417300974115 1417300974132 1417301051753 0.68800E+03
689 40 50 37.60 1417301052722 1417300975115 1417300975133 1417301052753 0.68900E+03
690 40 50 37.60 1417301053722 1417300976115 1417300976133 1417301053753 0.69000E+03
691 40 50 37.50 1417301054722 1417300977116 1417300977133 1417301054753 0.69100E+03
692 40 50 37.60 1417301055722 1417300978115 1417300978133 1417301055972 0.69200E+03
693 40 50 37.50 1417301056728 1417300979122 1417300979139 1417301056759 0.69300E+03
694 40 50 37.50 1417301057728 1417300980121 1417300980139 1417301057759 0.69400E+03
695 40 50 37.40 1417301058728 1417300981121 1417300981138 1417301058759 0.69500E+03
696 40 50 37.30 1417301059728 1417300982125 1417300982143 1417301059759 0.69600E+03
697 40 50 37.30 1417301060726 1417300983120 1417300983138 1417301060757 0.69700E+03
698 40 50 37.30 1417301061716 1417300984111 1417300984129 1417301061748 0.69800E+03
699 40 50 37.20 1417301062725 1417300985119 1417300985137 1417301062756 0.69900E+03
700 40 50 37.20 1417301063716 1417300986112 1417300986130 1417301063747 0.70000E+03
701 40 50 37.20 1417301064732 1417300987143 1417300987161 1417301064779 0.70100E+03
702 40 50 36.90 1417301065716 1417300988111 1417300988129 1417301065747 0.70200E+03
703 40 50 37.00 1417301066716 1417300989112 1417300989130 1417301066747 0.70300E+03
704 40 50 36.90 1417301067722 1417300990119 1417300990136 1417301067754 0.70400E+03
705 40 50 36.80 1417301068732 1417300991126 1417300991144 1417301068763 0.70500E+03
706 40 50 36.80 1417301069717 1417300992112 1417300992130 1417301069748 0.70600E+03
707 40 50 36.80 1417301070717 1417300993113 1417300993130 1417301070748 0.70700E+03
708 40 50 36.60 1417301071732 1417300994126 1417300994143 1417301072425 0.70800E+03
709 40 50 36.60 1417301072722 1417300995116 1417300995133 1417301072753 0.70900E+03
710 40 50 36.70 1417301073719 1417300997115 1417300997134 1417301074753 0.71000E+03
712 40 50 36.40 1417301075722 1417300998116 1417300998133 1417301075753 0.71200E+03
713 40 50 36.50 1417301076719 1417300999114 1417300999130 1417301076750 0.71300E+03
714 40 50 36.60 1417301077725 1417301000121 1417301000138 1417301077757 0.71400E+03
715 40 50 36.50 1417301078725 1417301001120 1417301001138 1417301078757 0.71500E+03
716 40 50 36.20 1417301079725 1417301002119 1417301002137 1417301079757 0.71600E+03
717 40 50 36.10 1417301080725 1417301004122 1417301004140 1417301081757 0.71700E+03
719 40 50 36.10 1417301082727 1417301005122 1417301005139 1417301082759 0.71900E+03
720 40 50 36.20 1417301083727 1417301006122 1417301006138 1417301083759 0.72000E+03
721 40 50 36.20 1417301084718 1417301007113 1417301007131 1417301084749 0.72100E+03
722 40 50 36.10 1417301085712 1417301008107 1417301008124 1417301085744 0.72200E+03
723 40 50 36.00 1417301086723 1417301009117 1417301009135 1417301086754 0.72300E+03
724 40 50 36.00 1417301087723 1417301010118 1417301010134 1417301087754 0.72400E+03
725 40 50 36.00 1417301088707 1417301011104 1417301011122 1417301088739 0.72500E+03
726 40 50 36.00 1417301089714 1417301012108 1417301012125 1417301089745 0.72600E+03
727 60 50 35.90 1417301090729 1417301013124 1417301013141 1417301090760 0.72700E+03
728 60 50 36.00 1417301091729 1417301014125 1417301014141 1417301091761 0.72800E+03
729 60 50 35.90 1417301092729 1417301015124 1417301015141 1417301092761 0.72900E+03
730 60 50 35.90 1417301093720 1417301016116 1417301016133 1417301093752 0.73000E+03
731 60 50 36.00 1417301094720 1417301017115 1417301017132 1417301094752 0.73100E+03
732 60 50 35.80 1417301095726 1417301018121 1417301018138 1417301095757 0.73200E+03
733 60 50 36.00 1417301096720 1417301019115 1417301019132 1417301096751 0.73300E+03
734 60 50 36.00 1417301097720 1417301020114 1417301020132 1417301097970 0.73400E+03
735 60 50 36.10 1417301098736 1417301021130 1417301021147 1417301098767 0.73500E+03
736 60 50 36.20 1417301099720 1417301022115 1417301022133 1417301099751 0.73600E+03
737 60 50 36.20 1417301100727 1417301023122 1417301023140 1417301100758 0.73700E+03
738 60 50 36.20 1417301101711 1417301024108 1417301024126 1417301101743 0.73800E+03
739 60 50 36.40 1417301102727 1417301025122 1417301025140 1417301102759 0.73900E+03
740 40 50 36.40 1417301103712 1417301026106 1417301026124 1417301103743 0.74000E+03
741 40 50 36.40 1417301104718 1417301027114 1417301027132 1417301104750 0.74100E+03
742 40 50 36.50 1417301105709 1417301028105 1417301028122 1417301105740 0.74200E+03
743 40 50 36.60 1417301106725 1417301029121 1417301029138 1417301106756 0.74300E+03
744 40 50 36.70 1417301107726 1417301030122 1417301030139 1417301107758 0.74400E+03
745 40 50 36.70 1417301108726 1417301031119 1417301031137 1417301108758 0.74500E+03
746 40 50 36.60 1417301109726 1417301032120 1417301032138 1417301109758 0.74600E+03
747 40 50 36.60 1417301110726 1417301033120 1417301033137 1417301110758 0.74700E+03
748 40 50 36.70 1417301111733 1417301034130 1417301034146 1417301111765 0.74800E+03
749 40 50 36.60 1417301112728 1417301035123 1417301035141 1417301112759 0.74900E+03
750 40 50 36.60 1417301113712 1417301036107 1417301036125 1417301113743 0.75000E+03
751 40 50 36.70 1417301114743 1417301037138 1417301037156 1417301114774 0.75100E+03
752 40 50 36.70 1417301115743 1417301038139 1417301038156 1417301115775 0.75200E+03
753 40 50 36.70 1417301116719 1417301040115 1417301040132 1417301117750 0.75300E+03
755 40 50 36.70 1417301118719 1417301041114 1417301041131 1417301118750 0.75500E+03
756 40 50 36.60 1417301119719 1417301042114 1417301042131 1417301119750 0.75600E+03
757 40 50 36.50 1417301120734 1417301043131 1417301043147 1417301120797 0.75700E+03
758 40 50 36.60 1417301121738 1417301044134 1417301044151 1417301121770 0.75800E+03
759 40 50 36.60 1417301122730 1417301045126 1417301045143 1417301122761 0.75900E+03
760 40 50 36.50 1417301123723 1417301046118 1417301046134 1417301123754 0.76000E+03
761 40 50 36.40 1417301124727 1417301047124 1417301047141 1417301124758 0.76100E+03
762 40 50 36.50 1417301125727 1417301048124 1417301048142 1417301125977 0.76200E+03
763 40 50 36.60 1417301126712 1417301049107 1417301049125 1417301126743 0.76300E+03
764 40 50 36.20 1417301127734 1417301050130 1417301050148 1417301127765 0.76400E+03
765 40 50 36.20 1417301128718 1417301051114 1417301051132 1417301128749 0.76500E+03
766 40 50 36.20 1417301129718 1417301052114 1417301052131 1417301129749 0.76600E+03
767 40 50 36.20 1417301130718 1417301053114 1417301053132 1417301130750 0.76700E+03
768 40 50 36.20 1417301131718 1417301054114 1417301054131 1417301131750 0.76800E+03
769 40 50 36.10 1417301132718 1417301055114 1417301055132 1417301132750 0.76900E+03
770 40 50 36.20 1417301133725 1417301056121 1417301056138 1417301133756 0.77000E+03
771 40 50 36.20 1417301134725 1417301057121 1417301057138 1417301134756 0.77100E+03
772 40 50 36.10 1417301135725 1417301058121 1417301058139 1417301135756 0.77200E+03
773 60 50 36.20 1417301136725 1417301059121 1417301059139 1417301136756 0.77300E+03
774 60 50 36.00 1417301137725 1417301060121 1417301060137 1417301137756 0.77400E+03
775 60 50 36.00 1417301138725 1417301061121 1417301061139 1417301138756 0.77500E+03
776 60 50 36.00 1417301139716 1417301062113 1417301062130 1417301139747 0.77600E+03
777 60 50 36.10 1417301140716 1417301063112 1417301063130 1417301140747 0.77700E+03
778 60 50 36.00 1417301141724 1417301064119 1417301064137 1417301141755 0.77800E+03
779 60 50 36.00 1417301142771 1417301065166 1417301065184 1417301143021 0.77900E+03
780 60 50 36.00 1417301143724 1417301066121 1417301066138 1417301143755 0.78000E+03
781 60 50 36.10 1417301144724 1417301067120 1417301067137 1417301144755 0.78100E+03
782 60 50 36.10 1417301145729 1417301068125 1417301068142 1417301145760 0.78200E+03
783 60 50 36.40 1417301146733 1417301069130 1417301069147 1417301146764 0.78300E+03
784 60 50 36.20 1417301147717 1417301070114 1417301070132 1417301147749 0.78400E+03
785 60 50 36.20 1417301148719 1417301071117 1417301071135 1417301148750 0.78500E+03
786 60 50 36.50 1417301149719 1417301072116 1417301072134 1417301149751 0.78600E+03
787 60 50 36.40 1417301150719 1417301073116 1417301073133 1417301150751 0.78700E+03
788 60 50 36.50 1417301151725 1417301074122 1417301074139 1417301151757 0.78800E+03
789 60 50 36.50 1417301152725 1417301075122 1417301075138 1417301152757 0.78900E+03
790 60 50 36.60 1417301153726 1417301076123 1417301076140 1417301153757 0.79000E+03
791 60 50 36.70 1417301154710 1417301077108 1417301077126 1417301154742 0.79100E+03
792 60 50 36.80 1417301155719 1417301078115 1417301078133 1417301155750 0.79200E+03
793 60 50 36.90 1417301156725 1417301079121 1417301079139 1417301156756 0.79300E+03
794 60 50 36.90 1417301157740 1417301080139 1417301080156 1417301157772 0.79400E+03
795 60 50 37.00 1417301158725 1417301081122 1417301081139 1417301158756 0.79500E+03
796 60 50 36.90 1417301159725 1417301082122 1417301082139 1417301159756 0.79600E+03
797 60 50 37.00 1417301160725 1417301083122 1417301083139 1417301160756 0.79700E+03
798 60 50 37.00 1417301161725 1417301084122 1417301084140 1417301161975 0.79800E+03
799 60 50 37.20 1417301162714 1417301085132 1417301085150 1417301162777 0.79900E+03
800 60 50 37.20 1417301163720 1417301086116 1417301086134 1417301163751 0.80000E+03
801 60 50 37.20 1417301164714 1417301087112 1417301087130 1417301164745 0.80100E+03
802 60 50 37.30 1417301165722 1417301088119 1417301088137 1417301165758 0.80200E+03
803 60 50 37.30 1417301166711 1417301089108 1417301089125 1417301166742 0.80300E+03
804 60 50 37.40 1417301167718 1417301090114 1417301090132 1417301167749 0.80400E+03
805 60 50 37.40 1417301168718 1417301091114 1417301091132 1417301168749 0.80500E+03
806 60 50 37.50 1417301169718 1417301092115 1417301092132 1417301169749 0.80600E+03
807 60 50 37.60 1417301170718 1417301093115 1417301093133 1417301170749 0.80700E+03
808 60 50 37.60 1417301171715 1417301094113 1417301094131 1417301171746 0.80800E+03
809 60 50 37.60 1417301172715 1417301095112 1417301095129 1417301172746 0.80900E+03
810 40 50 37.70 1417301173721 1417301096118 1417301096136 1417301173752 0.81000E+03
811 40 50 37.70 1417301174722 1417301097120 1417301097138 1417301174753 0.81100E+03
812 40 50 37.60 1417301175721 1417301098119 1417301098137 1417301175753 0.81200E+03
813 40 50 37.70 1417301176721 1417301099118 1417301099136 1417301177393 0.81300E+03
814 40 50 37.90 1417301177722 1417301100118 1417301100135 1417301177753 0.81400E+03
815 40 50 37.70 1417301178722 1417301101121 1417301101139 1417301178753 0.81500E+03
816 40 50 37.70 1417301179728 1417301102125 1417301102143 1417301179759 0.81600E+03
817 40 50 37.90 1417301180728 1417301103126 1417301103144 1417301180759 0.81700E+03
818 40 50 37.70 1417301181727 1417301104125 1417301104142 1417301181758 0.81800E+03
819 40 50 37.70 1417301182727 1417301105125 1417301105143 1417301182759 0.81900E+03
820 40 50 37.60 1417301183727 1417301106125 1417301106143 1417301183759 0.82000E+03
821 40 50 37.60 1417301184712 1417301107108 1417301107126 1417301184743 0.82100E+03
822 40 50 37.50 1417301185734 1417301108131 1417301108149 1417301185765 0.82200E+03
823 40 50 37.40 1417301186727 1417301109125 1417301109142 1417301186758 0.82300E+03
824 40 50 37.50 1417301187711 1417301111228 1417301111245 1417301188868 0.82400E+03
826 40 50 37.00 1417301189727 1417301113406 1417301113424 1417301191040 0.82600E+03
828 40 50 37.00 1417301191733 1417301114131 1417301114149 1417301191764 0.82800E+03
829 40 50 37.20 1417301192712 1417301115110 1417301115127 1417301192743 0.82900E+03
830 40 50 36.90 1417301193727 1417301116126 1417301116142 1417301193759 0.83000E+03
831 40 50 36.90 1417301194712 1417301117109 1417301117126 1417301194743 0.83100E+03
832 40 50 36.80 1417301195727 1417301118125 1417301118144 1417301195759 0.83200E+03
833 40 50 36.80 1417301196733 1417301119131 1417301119149 1417301196764 0.83300E+03
834 40 50 36.80 1417301197717 1417301120115 1417301120133 1417301197749 0.83400E+03
835 40 50 36.80 1417301198733 1417301121132 1417301121149 1417301198764 0.83500E+03
836 40 50 36.80 1417301199717 1417301122116 1417301122134 1417301199967 0.83600E+03
837 40 50 36.60 1417301200717 1417301123115 1417301123133 1417301200754 0.83700E+03
838 40 50 36.70 1417301201722 1417301124121 1417301124139 1417301201754 0.83800E+03
839 40 50 36.60 1417301202729 1417301125127 1417301125145 1417301202760 0.83900E+03
840 40 50 36.50 1417301203729 1417301126126 1417301126143 1417301203760 0.84000E+03
841 40 50 36.60 1417301204729 1417301127127 1417301127145 1417301204963 0.84100E+03
842 40 50 36.40 1417301205729 1417301129328 1417301129345 1417301206964 0.84200E+03
844 40 50 36.10 1417301207729 1417301130127 1417301130145 1417301207760 0.84400E+03
845 40 50 36.20 1417301208720 1417301131118 1417301131136 1417301208751 0.84500E+03
846 40 50 36.10 1417301209721 1417301132119 1417301132137 1417301209971 0.84600E+03
847 40 50 36.10 1417301210721 1417301133119 1417301133135 1417301210955 0.84700E+03
848 40 50 36.20 1417301211721 1417301134120 1417301134138 1417301211752 0.84800E+03
849 40 50 36.40 1417301212721 1417301135120 1417301135137 1417301212752 0.84900E+03
850 60 50 36.00 1417301213721 1417301136118 1417301136135 1417301213752 0.85000E+03
851 60 50 35.90 1417301214720 1417301137119 1417301137137 1417301214752 0.85100E+03
852 60 50 36.00 1417301215720 1417301138119 1417301138137 1417301215970 0.85200E+03
853 60 50 36.10 1417301216720 1417301139119 1417301139137 1417301216752 0.85300E+03
854 60 50 36.00 1417301217717 1417301140116 1417301140134 1417301217967 0.85400E+03
855 60 50 36.10 1417301218733 1417301141132 1417301141149 1417301218764 0.85500E+03
856 60 50 36.00 1417301219724 1417301142123 1417301142141 1417301219974 0.85600E+03
857 60 50 36.20 1417301220724 1417301143122 1417301143139 1417301220958 0.85700E+03
858 60 50 36.10 1417301221724 1417301144123 1417301144140 1417301221755 0.85800E+03
859 60 50 36.10 1417301222724 1417301145122 1417301145141 1417301222755 0.85900E+03
860 60 50 36.10 1417301223724 1417301146123 1417301146141 1417301223755 0.86000E+03
861 60 50 36.40 1417301224708 1417301147108 1417301147125 1417301224740 0.86100E+03
862 60 50 36.40 1417301225730 1417301148128 1417301148145 1417301225762 0.86200E+03
863 60 50 36.60 1417301226731 1417301149129 1417301149146 1417301226762 0.86300E+03
864 60 50 36.40 1417301227715 1417301150114 1417301150132 1417301227746 0.86400E+03
865 60 50 36.60 1417301228715 1417301151114 1417301151131 1417301228746 0.86500E+03
866 60 50 36.60 1417301229722 1417301152120 1417301152138 1417301229753 0.86600E+03
867 60 50 36.60 1417301230728 1417301153128 1417301153145 1417301230759 0.86700E+03
868 40 50 36.80 1417301231728 1417301154127 1417301154144 1417301231759 0.86800E+03
869 40 50 36.70 1417301232728 1417301155126 1417301155144 1417301232759 0.86900E+03
870 40 50 36.80 1417301233728 1417301156128 1417301156145 1417301233759 0.87000E+03
871 40 50 36.90 1417301234728 1417301157128 1417301157145 1417301234759 0.87100E+03
872 40 50 36.80 1417301235713 1417301158113 1417301158130 1417301235744 0.87200E+03
873 40 50 36.90 1417301236719 1417301159118 1417301159136 1417301236750 0.87300E+03
874 40 50 37.00 1417301237719 1417301160118 1417301160136 1417301237750 0.87400E+03
875 40 50 36.90 1417301238719 1417301161122 1417301161140 1417301238751 0.87500E+03
876 40 50 37.00 1417301239720 1417301162119 1417301162137 1417301239751 0.87600E+03
877 40 50 37.00 1417301240720 1417301163119 1417301163138 1417301240751 0.87700E+03
878 40 50 36.90 1417301241735 1417301164134 1417301164152 1417301241766 0.87800E+03
879 40 50 36.80 1417301242709 1417301165108 1417301165126 1417301242741 0.87900E+03
880 40 50 36.80 1417301243722 1417301166122 1417301166139 1417301243753 0.88000E+03
881 40 50 36.80 1417301244769 1417301167181 1417301167199 1417301245019 0.88100E+03
882 40 50 36.70 1417301245722 1417301168122 1417301168139 1417301245754 0.88200E+03
883 40 50 36.60 1417301246722 1417301169122 1417301169138 1417301246754 0.88300E+03
884 40 50 36.80 1417301247723 1417301170122 1417301170139 1417301247755 0.88400E+03
885 40 50 36.60 1417301248715 1417301171115 1417301171132 1417301248746 0.88500E+03
886 40 50 36.60 1417301249730 1417301172130 1417301172146 1417301249762 0.88600E+03
887 40 50 36.60 1417301250730 1417301173130 1417301173146 1417301250761 0.88700E+03
888 40 50 36.50 1417301251730 1417301174129 1417301174147 1417301251761 0.88800E+03
889 40 50 36.40 1417301252714 1417301175115 1417301175133 1417301252761 0.88900E+03
890 40 50 36.50 1417301253727 1417301176125 1417301176141 1417301253758 0.89000E+03
891 40 50 36.50 1417301254727 1417301177127 1417301177145 1417301254758 0.89100E+03
892 40 50 36.40 1417301255727 1417301178128 1417301178145 1417301255759 0.89200E+03
893 40 50 36.40 1417301256712 1417301179113 1417301179130 1417301257368 0.89300E+03
894 40 50 36.20 1417301257728 1417301180127 1417301180145 1417301257978 0.89400E+03
895 40 50 36.40 1417301258709 1417301181111 1417301181129 1417301258742 0.89500E+03
896 40 50 36.20 1417301259727 1417301182125 1417301182141 1417301259971 0.89600E+03
897 40 50 36.40 1417301260721 1417301184123 1417301184140 1417301261752 0.89700E+03
899 40 50 36.10 1417301262721 1417301185121 1417301185139 1417301262752 0.89900E+03
900 60 50 36.10 1417301263736 1417301186136 1417301186154 1417301263768 0.90000E+03
901 60 50 36.10 1417301264712 1417301187113 1417301187131 1417301264743 0.90100E+03
902 60 50 36.10 1417301265720 1417301188120 1417301188137 1417301265752 0.90200E+03
903 60 50 36.10 1417301266720 1417301189140 1417301189158 1417301266767 0.90300E+03
904 60 50 36.10 1417301267720 1417301190121 1417301190138 1417301267752 0.90400E+03
905 60 50 36.00 1417301268720 1417301191129 1417301191147 1417301268758 0.90500E+03
906 60 50 36.00 1417301269711 1417301192113 1417301192131 1417301269758 0.90600E+03
907 60 50 36.20 1417301270711 1417301193112 1417301193130 1417301270742 0.90700E+03
908 60 50 36.10 1417301271711 1417301194112 1417301194129 1417301271742 0.90800E+03
909 60 50 36.40 1417301272726 1417301195127 1417301195144 1417301272976 0.90900E+03
910 60 50 36.20 1417301273726 1417301196127 1417301196145 1417301273758 0.91000E+03
911 60 50 36.40 1417301274726 1417301197126 1417301197144 1417301274764 0.91100E+03
912 60 50 36.50 1417301275733 1417301198134 1417301198151 1417301275764 0.91200E+03
913 60 50 36.60 1417301276729 1417301200751 1417301200769 1417301278391 0.91300E+03
915 60 50 36.60 1417301278727 1417301201127 1417301201144 1417301278759 0.91500E+03
916 60 50 36.70 1417301279727 1417301202128 1417301202145 1417301279759 0.91600E+03
917 60 50 36.70 1417301280712 1417301203112 1417301203129 1417301280753 0.91700E+03
918 60 50 36.80 1417301281718 1417301204119 1417301204137 1417301281750 0.91800E+03
919 60 50 36.80 1417301282712 1417301205113 1417301205131 1417301282749 0.91900E+03
920 40 50 36.90 1417301283718 1417301206118 1417301206136 1417301283749 0.92000E+03
921 40 50 37.00 1417301284718 1417301207119 1417301207136 1417301284749 0.92100E+03
922 40 50 37.20 1417301285718 1417301208119 1417301208136 1417301285749 0.92200E+03
923 40 50 37.00 1417301286718 1417301209118 1417301209135 1417301286759 0.92300E+03
924 40 50 37.00 1417301287708 1417301210123 1417301210140 1417301287958 0.92400E+03
925 40 50 37.30 1417301288724 1417301211125 1417301211143 1417301288755 0.92500E+03
926 40 50 37.20 1417301289709 1417301212112 1417301212129 1417301289740 0.92600E+03
927 40 50 37.20 1417301290725 1417301213126 1417301213143 1417301290756 0.92700E+03
928 40 50 37.20 1417301291725 1417301214126 1417301214144 1417301291756 0.92800E+03
929 40 50 37.00 1417301292725 1417301215126 1417301215142 1417301292756 0.92900E+03
930 40 50 37.00 1417301293725 1417301216126 1417301216144 1417301293762 0.93000E+03
931 40 50 37.20 1417301294731 1417301217135 1417301217151 1417301294772 0.93100E+03
932 40 50 37.00 1417301295725 1417301218126 1417301218142 1417301295959 0.93200E+03
933 40 50 36.90 1417301296725 1417301219126 1417301219143 1417301296756 0.93300E+03
934 40 50 37.00 1417301297725 1417301220127 1417301220145 1417301297756 0.93400E+03
935 40 50 36.90 1417301298725 1417301221129 1417301221146 1417301298756 0.93500E+03
936 40 50 36.70 1417301299725 1417301222126 1417301222145 1417301299762 0.93600E+03
937 40 50 36.90 1417301300715 1417301223118 1417301223136 1417301300756 0.93700E+03
938 40 50 36.80 1417301301725 1417301224126 1417301224144 1417301301756 0.93800E+03
939 40 50 36.80 1417301302725 1417301225129 1417301225147 1417301302756 0.93900E+03
940 60 50 36.70 1417301303725 1417301226126 1417301226143 1417301303756 0.94000E+03
941 60 50 36.60 1417301304709 1417301227114 1417301227131 1417301304741 0.94100E+03
942 60 50 36.80 1417301305709 1417301228112 1417301228130 1417301305741 0.94200E+03
943 60 50 36.60 1417301306731 1417301229132 1417301229150 1417301306772 0.94300E+03
944 60 50 36.50 1417301307725 1417301230126 1417301230144 1417301307975 0.94400E+03
945 60 50 36.70 1417301308725 1417301231126 1417301231143 1417301308756 0.94500E+03
946 60 50 36.60 1417301309714 1417301232118 1417301232134 1417301309745 0.94600E+03
947 60 50 36.60 1417301310721 1417301233122 1417301233140 1417301310757 0.94700E+03
948 60 50 36.50 1417301311727 1417301234129 1417301234146 1417301311770 0.94800E+03
949 60 50 36.70 1417301312725 1417301235127 1417301235145 1417301312756 0.94900E+03
950 60 50 36.90 1417301313725 1417301236127 1417301236144 1417301313756 0.95000E+03
951 60 50 36.70 1417301314725 1417301237127 1417301237145 1417301314756 0.95100E+03
952 60 50 36.80 1417301315725 1417301238128 1417301238145 1417301315757 0.95200E+03
953 60 50 36.90 1417301316715 1417301239118 1417301239135 1417301316747 0.95300E+03
954 60 50 36.70 1417301317730 1417301240132 1417301240149 1417301317761 0.95400E+03
955 60 50 36.90 1417301318730 1417301241132 1417301241149 1417301318980 0.95500E+03
956 60 50 36.90 1417301319714 1417301242120 1417301242138 1417301319761 0.95600E+03
957 60 50 36.90 1417301320731 1417301243133 1417301243150 1417301320762 0.95700E+03
958 60 50 37.00 1417301321722 1417301244124 1417301244141 1417301321972 0.95800E+03
959 40 50 37.30 1417301322722 1417301245123 1417301245141 1417301322753 0.95900E+03
960 40 50 37.20 1417301323721 1417301246123 1417301246141 1417301323753 0.96000E+03
961 40 50 37.30 1417301324721 1417301247123 1417301247141 1417301324753 0.96100E+03
962 40 50 37.30 1417301325722 1417301248124 1417301248141 1417301325753 0.96200E+03
963 40 50 37.40 1417301326722 1417301249123 1417301249141 1417301326753 0.96300E+03
964 40 50 37.30 1417301327722 1417301250124 1417301250141 1417301327753 0.96400E+03
965 40 50 37.30 1417301328728 1417301251131 1417301251148 1417301328759 0.96500E+03
966 40 50 37.30 1417301329722 1417301252124 1417301252142 1417301329753 0.96600E+03
967 40 50 37.30 1417301330722 1417301254614 1417301254632 1417301332253 0.96700E+03
969 40 50 37.20 1417301332722 1417301255126 1417301255143 1417301332753 0.96900E+03
970 40 50 37.20 1417301333728 1417301256130 1417301256146 1417301333759 0.97000E+03
971 40 50 37.20 1417301334737 1417301257139 1417301257157 1417301334768 0.97100E+03
972 40 50 37.00 1417301335721 1417301258124 1417301258142 1417301335753 0.97200E+03
973 40 50 37.00 1417301336721 1417301259128 1417301259145 1417301336768 0.97300E+03
974 40 50 36.90 1417301337726 1417301260128 1417301260144 1417301337757 0.97400E+03
975 40 50 37.00 1417301338726 1417301261127 1417301261145 1417301338757 0.97500E+03
976 40 50 36.90 1417301339732 1417301262134 1417301262152 1417301339763 0.97600E+03
977 40 50 36.90 1417301340730 1417301263132 1417301263150 1417301340761 0.97700E+03
978 40 50 36.80 1417301341714 1417301264118 1417301264136 1417301341746 0.97800E+03
979 40 50 36.70 1417301342714 1417301265119 1417301265136 1417301342746 0.97900E+03
980 40 50 36.80 1417301343714 1417301266118 1417301266135 1417301343746 0.98000E+03
981 40 50 36.80 1417301344728 1417301267131 1417301267149 1417301344759 0.98100E+03
982 40 50 36.70 1417301345712 1417301268115 1417301268133 1417301345962 0.98200E+03
983 40 50 36.70 1417301346728 1417301269131 1417301269148 1417301346759 0.98300E+03
984 40 50 36.50 1417301347712 1417301270115 1417301270133 1417301347743 0.98400E+03
